day0meanReward:8.3612
day0meanEff:8.690949720670393
day0varEff:3.188259339640279
day0overdueRate:0.0782
day1meanReward:8.3276
day1meanEff:8.615356424581005
day1varEff:2.191372991410531
day1overdueRate:0.0735
day2meanReward:8.4972
day2meanEff:8.699244692737427
day2varEff:1.7918064120289185
day2overdueRate:0.0577
day3meanReward:8.3447
day3meanEff:8.67897653631285
day3varEff:1.7160418069913006
day3overdueRate:0.0782
day4meanReward:8.8296
day4meanEff:8.774206927374301
day4varEff:1.4899904482766848
day4overdueRate:0.0361
day5meanReward:8.7651
day5meanEff:8.834055865921787
day5varEff:1.3095010399013431
day5overdueRate:0.0445
day6meanReward:8.7745
day6meanEff:8.846572386272946
day6varEff:1.239637709145338
day6overdueRate:0.0485
day7meanReward:8.97
day7meanEff:8.875132960893854
day7varEff:1.1375160559948772
day7overdueRate:0.0351
day8meanReward:9.0045
day8meanEff:8.8928
day8varEff:1.1408271233444063
day8overdueRate:0.0394
day9meanReward:9.1407
day9meanEff:8.898122011173188
day9varEff:1.0763280492431393
day9overdueRate:0.0351
day10meanReward:8.964
day10meanEff:8.903100457084815
day10varEff:1.0547347151491862
day10overdueRate:0.0483
day11meanReward:9.1618
day11meanEff:8.92791061452514
day11varEff:1.0496732552969417
day11overdueRate:0.0424
day12meanReward:8.9345
day12meanEff:8.944881478298239
day12varEff:1.011440576512033
day12overdueRate:0.0419
day13meanReward:9.0354
day13meanEff:8.94640319233839
day13varEff:0.9746383027471085
day13overdueRate:0.0404
day14meanReward:9.0786
day14meanEff:8.95786905027933
day14varEff:0.9182904843642508
day14overdueRate:0.0364
day15meanReward:9.176
day15meanEff:8.975775418994415
day15varEff:0.952249788797711
day15overdueRate:0.0368
day16meanReward:9.2272
day16meanEff:8.9822559316464
day16varEff:0.9247913221402286
day16overdueRate:0.0526
day17meanReward:9.2898
day17meanEff:9.001808566108007
day17varEff:0.9170957267515646
day17overdueRate:0.0474
day18meanReward:9.1443
day18meanEff:9.01219829461923
day18varEff:0.9047521574443818
day18overdueRate:0.0276
day19meanReward:9.0731
day19meanEff:9.022334748603352
day19varEff:0.9088375254432132
day19overdueRate:0.0455
day20meanReward:9.29
day20meanEff:9.035699281723863
day20varEff:0.8960720407090799
day20overdueRate:0.0343
day21meanReward:9.1845
day21meanEff:9.031549822244795
day21varEff:0.8891611455911071
day21overdueRate:0.0434
day22meanReward:9.3758
day22meanEff:9.047541802283218
day22varEff:0.8656545902740962
day22overdueRate:0.0413
day23meanReward:9.2841
day23meanEff:9.042947486033519
day23varEff:0.8292534924311611
day23overdueRate:0.032
day24meanReward:9.3086
day24meanEff:9.049150927374303
day24varEff:0.8217599775259901
day24overdueRate:0.041
