day0meanReward:8.4087
day0meanEff:8.708165363128492
day0varEff:2.7268322927950996
day0overdueRate:0.0747
day1meanReward:8.4397
day1meanEff:8.67217877094972
day1varEff:2.0242867224799275
day1overdueRate:0.0692
day2meanReward:8.4989
day2meanEff:8.679722905027933
day2varEff:1.6851184103193544
day2overdueRate:0.0723
day3meanReward:8.4911
day3meanEff:8.692290502793297
day3varEff:1.455416524061937
day3overdueRate:0.073
day4meanReward:8.54
day4meanEff:8.703778324022348
day4varEff:1.2549122270334503
day4overdueRate:0.0688
day5meanReward:8.613
day5meanEff:8.719892737430168
day5varEff:1.1448264335326186
day5overdueRate:0.0719
day6meanReward:8.7425
day6meanEff:8.729617877094974
day6varEff:1.021554913446965
day6overdueRate:0.0563
day7meanReward:9.0029
day7meanEff:8.771242458100557
day7varEff:0.9890194773999376
day7overdueRate:0.0342
day8meanReward:8.9965
day8meanEff:8.805422718808195
day8varEff:0.9785643100492352
day8overdueRate:0.0359
day9meanReward:9.0537
day9meanEff:8.821745698324023
day9varEff:0.9076566281486573
day9overdueRate:0.0343
day10meanReward:9.1346
day10meanEff:8.847947993905537
day10varEff:0.8426694690995593
day10overdueRate:0.0325
day11meanReward:9.2038
day11meanEff:8.883387709497207
day11varEff:0.7872864227575908
day11overdueRate:0.0338
day12meanReward:9.1967
day12meanEff:8.910268672110012
day12varEff:0.7658462266458357
day12overdueRate:0.0333
day13meanReward:9.1481
day13meanEff:8.9253950518755
day13varEff:0.7570733501133822
day13overdueRate:0.0264
day14meanReward:9.1893
day14meanEff:8.943567374301677
day14varEff:0.7247685912409726
day14overdueRate:0.0278
day15meanReward:9.2151
day15meanEff:8.961941899441342
day15varEff:0.7166191412089252
day15overdueRate:0.0351
day16meanReward:9.3603
day16meanEff:8.975523627998687
day16varEff:0.6839435458319124
day16overdueRate:0.0388
day17meanReward:9.4009
day17meanEff:9.003241713221602
day17varEff:0.6871946403589188
day17overdueRate:0.0347
day18meanReward:9.2882
day18meanEff:9.010422816818583
day18varEff:0.6644875717844625
day18overdueRate:0.032
day19meanReward:9.324
day19meanEff:9.024584581005586
day19varEff:0.6693836132103034
day19overdueRate:0.0379
day20meanReward:9.4814
day20meanEff:9.04028858739026
day20varEff:0.6758641936332472
day20overdueRate:0.0292
day21meanReward:9.2968
day21meanEff:9.042690502793297
day21varEff:0.6594936478907605
day21overdueRate:0.0295
day22meanReward:9.6178
day22meanEff:9.048891911586107
day22varEff:0.6553512651924019
day22overdueRate:0.0607
day23meanReward:9.6364
day23meanEff:9.01646033519553
day23varEff:0.7042095775306234
day23overdueRate:0.0836
day24meanReward:9.6668
day24meanEff:9.006608446927373
day24varEff:0.7480598979607148
day24overdueRate:0.0795
