day0meanReward:8.3282
day0meanEff:8.713206703910615
day0varEff:2.6059670644145396
day0overdueRate:0.0756
day1meanReward:8.476
day1meanEff:8.698270391061456
day1varEff:1.8395294711908448
day1overdueRate:0.0631
day2meanReward:8.3053
day2meanEff:8.673680446927376
day2varEff:1.413560862102937
day2overdueRate:0.0792
day3meanReward:8.3952
day3meanEff:8.658315083798882
day3varEff:1.1700209796814451
day3overdueRate:0.0833
day4meanReward:8.488
day4meanEff:8.679751508379889
day4varEff:1.0587815035744637
day4overdueRate:0.0645
day5meanReward:8.2514
day5meanEff:8.66186368715084
day5varEff:0.9925656051575663
day5overdueRate:0.089
day6meanReward:8.4193
day6meanEff:8.661536791699918
day6varEff:0.9060046021626296
day6overdueRate:0.0719
day7meanReward:8.4138
day7meanEff:8.66130502793296
day7varEff:0.8838696011483893
day7overdueRate:0.0675
day8meanReward:8.6151
day8meanEff:8.675360893854748
day8varEff:0.8591058604090162
day8overdueRate:0.057
day9meanReward:8.7668
day9meanEff:8.673573184357544
day9varEff:0.8583286314223508
day9overdueRate:0.0624
day10meanReward:8.8939
day10meanEff:8.707107364144232
day10varEff:0.8809532322951906
day10overdueRate:0.0395
day11meanReward:8.9222
day11meanEff:8.7516156424581
day11varEff:0.8436488033373567
day11overdueRate:0.0416
day12meanReward:8.9973
day12meanEff:8.782638590459822
day12varEff:0.8397303462185167
day12overdueRate:0.0402
day13meanReward:8.9758
day13meanEff:8.800556743814846
day13varEff:0.7731641692614677
day13overdueRate:0.0334
day14meanReward:9.0345
day14meanEff:8.817691173184357
day14varEff:0.7540477605440763
day14overdueRate:0.039
day15meanReward:9.0585
day15meanEff:8.841549720670393
day15varEff:0.7226061252537926
day15overdueRate:0.0402
day16meanReward:9.1861
day16meanEff:8.86551008872823
day16varEff:0.6899190038349505
day16overdueRate:0.0345
day17meanReward:9.2035
day17meanEff:8.900299441340781
day17varEff:0.6997269641274557
day17overdueRate:0.0364
day18meanReward:9.1031
day18meanEff:8.917623757718317
day18varEff:0.6993531323841454
day18overdueRate:0.0294
day19meanReward:9.1595
day19meanEff:8.943075754189948
day19varEff:0.6775990566501583
day19overdueRate:0.0269
day20meanReward:9.2903
day20meanEff:8.959343655227457
day20varEff:0.6653761924646006
day20overdueRate:0.0326
day21meanReward:9.0377
day21meanEff:8.96344784154393
day21varEff:0.6512153617773123
day21overdueRate:0.033
day22meanReward:9.3022
day22meanEff:8.991152003886327
day22varEff:0.6450518855978882
day22overdueRate:0.0253
day23meanReward:9.1994
day23meanEff:8.994757541899443
day23varEff:0.6371207697415802
day23overdueRate:0.0204
day24meanReward:9.2796
day24meanEff:9.004117810055863
day24varEff:0.6225310242505467
day24overdueRate:0.0402
